-4.73931015 0.00725972
-4.86303165 0.00956805
-5.19289249 0.01419103
-5.56405698 0.02111602
-5.56424645 0.02571374
-5.35782291 0.01650252
-5.60583430 0.03491232
-5.72965053 0.03951951
-5.81225784 0.04412354
-5.93607407 0.04873073
-6.10109922 0.05334108
-6.14249761 0.05794195
-6.14278181 0.06483853
-6.18436966 0.07403712
-6.26707170 0.08094001
-6.30856482 0.08783974
-6.35005795 0.09473947
-6.51536730 0.10624639
-6.72150664 0.10856103
-6.88653179 0.11317138
-6.88700545 0.12466567
-6.88681599 0.12006796
-6.88747912 0.13615996
-6.88766859 0.14075768
-6.92897224 0.14305969
-6.97056009 0.15225828
-7.05326214 0.15916117
-7.09484999 0.16835976
-7.17755203 0.17526265
-7.17802570 0.18675694
-7.21951882 0.19365667
-7.34342978 0.20056271
-7.38501764 0.20976130
-7.38530184 0.21665788
-7.38558604 0.22355445
-7.38587023 0.23045102
-7.38615443 0.23734760
-7.51006540 0.24425364
-7.63388163 0.24886083
-7.67565895 0.26265714
-7.63482896 0.27184941
-7.59380950 0.27644397
-7.63520789 0.28104484
-7.67660628 0.28564572
-7.67679575 0.29024343
-7.67698521 0.29484115
-7.71838360 0.29944202
-7.71866780 0.30633860
-7.71895200 0.31323517
-7.71923620 0.32013174
-7.71952040 0.32702832
-7.80212771 0.33163235
-7.84352609 0.33623322
-7.88482975 0.33853524
-7.92622814 0.34313611
-8.00893018 0.35003900
-8.09163222 0.35694189
-8.13293588 0.35924390
-8.21563792 0.36614679
-8.38047360 0.36615942
-8.54530929 0.36617205
-8.50466877 0.37996204
-8.50485823 0.38455976
-8.58746554 0.38916379
-8.50438457 0.37306547
-8.67016758 0.39606668
-8.79388908 0.39837501
-8.87640166 0.40068018
-8.95910370 0.40758307
-8.95938790 0.41447965
-8.95957736 0.41907736
-8.95986156 0.42597394
-9.00135468 0.43287367
-9.12517091 0.43748086
-9.20768349 0.43978603
-9.29010133 0.43979234
-9.29029080 0.44439006
-9.29048027 0.44898778
-9.33197339 0.45588751
-9.45578962 0.46049470
-9.57960585 0.46510189
-9.62109897 0.47200162
-9.62138317 0.47889819
-9.66287629 0.48579792
-9.66316049 0.49269450
-9.66344469 0.49959107
-9.78726092 0.50419826
-9.91126661 0.51340316
-9.95275973 0.52030289
-9.95304393 0.52719947
-9.95332813 0.53409604
-9.99491599 0.54329463
-9.99520019 0.55019120
-10.03678804 0.55938979
-10.07828116 0.56628952
-10.16098320 0.57319241
-10.24377998 0.58239416
-10.28527310 0.58929389
-10.32676622 0.59619362
-10.40937353 0.60079765
-10.53347396 0.61230142
-10.57515655 0.62379886
-10.61683913 0.63529631
-10.74084483 0.64450121
-10.78243268 0.65369980
-10.90634365 0.66060585
-10.98904569 0.66750874
-10.98942462 0.67670417
-11.03082301 0.68130504
-11.03101248 0.68590276
-11.15492344 0.69280881
-11.27873967 0.69741600
-11.27902387 0.70431257
-11.27949754 0.71580686
-11.36229431 0.72500860
-11.44499635 0.73191149
-11.52788786 0.74341210
-11.61077937 0.75491270
-11.69357614 0.76411445
-11.81767657 0.77561821
-11.90037862 0.78252110
-11.98317539 0.79172285
-12.10689689 0.79403118
-12.27201677 0.80094038
-12.47825085 0.80555389
-12.43732613 0.81244730
-12.51993343 0.81705134
-12.60263548 0.82395422
-12.68533752 0.83085711
-12.72692537 0.84005570
-12.85093107 0.84926061
-13.01586149 0.85157210
-13.18079191 0.85388359
-13.42842437 0.86309796
-13.30460814 0.85849077
-13.59344952 0.86770831
-13.75837994 0.87001980
-13.88238563 0.87922470
-14.04741079 0.88383505
-14.21253067 0.89074426
-14.50118259 0.89536408
-15.20201845 0.90231433
-15.28443629 0.90232065
-15.49048090 0.90233644
-15.65531658 0.90234907
-15.65560078 0.90924564
-15.57365660 0.92073361
-15.65635865 0.92763650
-15.65654811 0.93223422
-15.78055381 0.94143912
-15.94567369 0.94834833
-16.15200250 0.95526069
-16.23460981 0.95986472
-16.23508348 0.97135901
-16.23546241 0.98055444
-16.40039283 0.98286593
-16.56541798 0.98747628
-16.64830949 0.99897688
