-14.64895636 1.00000000
-14.57305503 0.99361702
-14.45920304 0.98936170
-14.38330171 0.98510638
-14.30740038 0.98085106
-14.23149905 0.97446809
-14.19354839 0.96595745
-14.15559772 0.95957447
-14.11764706 0.95319149
-14.00379507 0.94680851
-13.92789374 0.94042553
-13.85199241 0.93617021
-13.73814042 0.93191489
-13.58633776 0.92553191
-13.51043643 0.91914894
-13.43453510 0.91063830
-13.35863378 0.90000000
-13.20683112 0.89361702
-13.13092979 0.89148936
-13.05502846 0.88723404
-13.01707780 0.88085106
-12.97912713 0.87659574
-12.90322581 0.87234043
-12.71347249 0.86595745
-12.22011385 0.86595745
-12.03036053 0.85957447
-11.87855787 0.85531915
-11.57495256 0.84468085
-11.53700190 0.84255319
-11.42314991 0.84042553
-11.34724858 0.83617021
-11.19544592 0.83191489
-11.04364326 0.82340426
-10.81593928 0.81702128
-10.58823529 0.81063830
-10.24667932 0.80425532
-9.86717268 0.79787234
-9.63946869 0.79574468
-9.60151803 0.78723404
-9.52561670 0.77872340
-9.44971537 0.77021277
-9.44971537 0.75957447
-9.41176471 0.75106383
-9.22201139 0.74255319
-9.10815939 0.73829787
-9.03225806 0.72978723
-9.03225806 0.72127660
-9.03225806 0.71489362
-8.95635674 0.70638298
-8.88045541 0.70000000
-8.80455408 0.69574468
-8.69070209 0.68510638
-8.65275142 0.67872340
-8.61480076 0.67234043
-8.61480076 0.66382979
-8.57685009 0.65319149
-8.53889943 0.64680851
-8.50094877 0.64042553
-8.46299810 0.63404255
-8.38709677 0.62340426
-8.34914611 0.61702128
-8.31119545 0.60851064
-8.31119545 0.60212766
-8.31119545 0.59361702
-8.31119545 0.58723404
-8.31119545 0.58085106
-8.23529412 0.57234043
-8.15939279 0.56595745
-8.12144213 0.55957447
-8.08349146 0.55106383
-8.00759013 0.54468085
-7.89373814 0.53829787
-7.81783681 0.53191489
-7.77988615 0.52340426
-7.81783681 0.51489362
-7.77988615 0.50425532
-7.70398482 0.49787234
-7.66603416 0.48723404
-7.55218216 0.47659574
-7.47628083 0.46808511
-7.36242884 0.45957447
-7.32447818 0.45106383
-7.28652751 0.44255319
-7.21062619 0.43617021
-7.13472486 0.42765957
-7.09677419 0.41702128
-7.05882353 0.41063830
-7.02087287 0.39787234
-6.98292220 0.39148936
-6.98292220 0.38297872
-6.94497154 0.37659574
-6.90702087 0.36808511
-6.90702087 0.35957447
-6.83111954 0.35106383
-6.83111954 0.33617021
-6.71726755 0.32765957
-6.64136622 0.31702128
-6.60341556 0.30851064
-6.56546490 0.29787234
-6.52751423 0.28936170
-6.52751423 0.28085106
-6.48956357 0.27446809
-6.48956357 0.26808511
-6.45161290 0.25957447
-6.45161290 0.25319149
-6.41366224 0.24680851
-6.41366224 0.23829787
-6.33776091 0.22978723
-6.33776091 0.22340426
-6.33776091 0.21702128
-6.33776091 0.20851064
-6.26185958 0.19787234
-6.26185958 0.18936170
-6.14800759 0.18085106
-6.11005693 0.17234043
-6.07210626 0.16595745
-6.03415560 0.15319149
-5.95825427 0.14680851
-5.80645161 0.14042553
-5.84440228 0.13404255
-5.73055028 0.11063830
-5.65464896 0.08723404
-5.54079696 0.07872340
-5.57874763 0.06382979
-5.38899431 0.05106383
-5.16129032 0.04255319
-4.97153700 0.02978723
-4.78178368 0.02127660
-4.66793169 0.01276596
-4.44022770 0.00212766
-5.80645161 0.12127660
-5.65464896 0.09787234
