-2.911886608487139  181058.21446265915
-2.9649165722081907  285028.9968374442
-2.9908251823421796  542154.6966396759
-3.0964992368674036  1750874.3316000097
-3.202834787821576  3591375.3007937
-3.2292946449796904  4679757.601498219
-3.255809626840218  5871631.124943973
-3.3360160688507516  7366124.329240576
-3.335630195933863  9599070.338968111
-3.415726388539575  12988642.922726491
-3.4689768510702788  17576238.755580172
-3.49554695763322  21234116.10333089
-3.60254400501635  27663942.132943343
-3.6290038621744642  36047623.164150365
-3.7091000547801727  48776567.82984719
-3.816041977460886  65996101.07572447
-3.9230941495464275  82788687.50116026
-3.9763997367795465  107871322.2120151
-4.083507033567498  130296142.76927848
-4.163768600280447  157392733.78213063
-4.297721627143403  190100243.70222986
-4.404884048633768  221096093.65209243
-4.512046470124135  257145817.78645784
-4.6727901023596825  322535155.9726684
-4.8336991087024685  361154615.1406307
-5.048299575195264  404346933.7990792
-5.209263706240462  435956445.217473
-5.370172712583248  488156652.9260353
-5.53102659422362  567678548.9509342
-5.66503474578899  660196651.4431492
-6.040489093922158  859562724.0745488
-6.228354079744772  892301860.2809614
-6.469855401014984  961873721.420721
-6.711411846987607  998382960.0153906
-5.852789482206779  739199840.8884221
-6.899166583405396  1117855601.92687
-7.086811070418362  1349983864.4984164
-7.033395233780418  1117500936.5786097
-7.1670726371313105  1630728634.6259334
-7.2204884737692545  1969982549.5096352
-7.274014559812024  2206422808.863471
-7.300584666374965  2665612293.276896
-7.380901357790327  3100437212.7568626
-7.434317194428271  3745446713.3842797
-7.541314241811397  4879591909.400579
-7.621575808524346  5894359526.219232
-7.674936520459877  7395107052.970694
-7.701506627022818  8934139092.15849
-7.701175878808343  11210259797.232525
-7.754591715446287  13542422514.14408
-7.808007552084231  16359764257.815882
-7.861258014614936  22138042002.622192
-7.96836531140289  26740206963.780796
-8.048626878115837  32301142508.738556
-8.128888444828785  39018538965.79999
-8.209150011541734  47132895767.19413
-8.289466702957094  54821394825.55998
-8.342772290190215  71430729533.63571
-8.396188126828157  86291052779.77994
-8.449659088168515  100373550840.2088
-8.583612115031473  121232003647.60544
-8.690719411819426  146434308318.0897
-8.770980978532373  176887017649.41022
-8.851297669947733  205741507629.2351
-8.931559236660682  248527835513.61905
-9.065512263523638  300173972219.87
-9.199465290386597  362552602657.3296
-9.306682836579373  406015171134.4979
-9.46759184292216  454630294270.1951
-9.601710243892354  490201778327.9462
-9.735828644862549  528556469959.0093
-9.843156440460152  548792674021.4321
-10.004175696207765  569731317024.2793
-10.165139827252963  614269625752.6056
-10.353004813075579  637666006705.0537
-10.567715528973197  661911502720.3419
-10.755580514795813  687122473644.5192
-10.970291230693434  713248415785.9966
-11.372866932413668  768566946684.6654
-11.211847676666057  740320739324.2036
-11.560731918236284  797840223952.8765
-11.721806298686307  797536473842.165
-11.909671284508924  827913146207.5353
-12.070525166149299  962782194361.9154
-12.258445276674326  962354570849.6816
-12.473211117274358  961866090827.5159
-13.090607784297038  997488372314.6306
-13.332219354972075  996918787663.5585
-13.4932937354221  996539245265.1785
-13.681213845947127  996096628425.5251
-13.869133956472156  995654208175.8926
-3.043634647253585  992893.5301711968
-12.76845902339699  998248324771.6947
-6.577183196612587  998699820.4569534
-6.818684517882797  1076567421.458319
-6.335626750639962  962178994.7920619
-6.120971159444757  892528407.5684401
-5.933216423026966  797137977.3112237
