-3.678195861199306  1581.6669660477662
-3.7765993379720335  7291.751479108312
-3.8509085996081858  18241.558777364873
-3.94998761512306  61949.156618880756
-4.049742169380082  154976.37089102852
-4.148483415523884  613211.9639330012
-4.271656646175327  3837698.0057906173
-4.319507307077394  15185039.613344429
-4.468688779301491  73664227.21240133
-4.568105564187441  214713033.16428378
-4.6410637483393025  989863296.615256
-4.7158233691368885  2019806355.9689775
-4.740142763854173  3361620415.3227744
-4.814902384651759  6859353513.198436
-4.8903375441914925  10310372030.79557
-4.96498457519872  22137712517.843132
-5.14096241752798  58275596241.98321
-5.21662275664843  79109763921.03188
-5.317390619018667  125125300285.73352
-5.392600598977683  208249549602.05753
-5.468260938098133  282701057871.13837
-5.620369744871535  364709354412.6487
-5.747033259024072  470507306190.2773
-5.848251480555746  606996016142.6384
-5.94969488166813  707224866118.205
-6.101803688441535  912382593432.3654
-6.228692382174785  1063037714134.1158
-6.381138958319262  1177054196874.4001
-6.4826949492220045  1303299557446.2192
-6.635028935576123  1518503961334.4368
-6.812470445180033  2061385856877.358
-6.990587493526085  2061385856877.358
-7.1941498344930075  2061385856877.358
-7.397599585669571  2169118037798.4902
-7.677160035128015  2527288768096.5146
-7.829719201062847  2659369974483.069
-8.109504830102008  2798354011009.4644
-8.262063996036836  2944601633495.8857
-8.41473575176203  2944601633495.8857
-8.66918867797068  2944601633495.8857
-8.872751018937604  2944601633495.8857
-9.025310184872437  3098492451589.0044
-9.203427233218491  3098492451589.0044
-9.457767569636786  3260425914100.972
-9.737553198675943  3430822345844.222
-9.966560832263731  3430822345844.222
-10.450133981850527  3260425914100.972
-10.70447431826882  3430822345844.222
-11.060708414960931  3430822345844.222
-11.28960345875836  3610124038653.2617
-11.416829921862687  3610124038653.2617
-12.12929811524691  3610124038653.2617
-12.409196334076427  3610124038653.2617
-12.61264608525299  3798796399425.6943
-12.994550654146684  3430822345844.222
-13.223445697944111  3610124038653.2617
-13.401562746290166  3610124038653.2617
-13.910243419126756  3997329158161.811
-13.808462248643293  3997329158161.811
-14.41914927154406  3997329158161.811
-14.92805512396136  3997329158161.811
-15.13173005471864  3798796399425.6943
-15.71685919520818  3997329158161.811
-16.35287892093945  4206237639139.1436
-16.93812065121935  4206237639139.1436
-17.650588844603575  4206237639139.1436
-4.419599630705491  32604259.141009852
-4.197685153910243  1316646.0074868205