-3.80000000 178295.61650000
-3.90000000 290037.92330000
-4.00000000 405656.44993000
-4.10000000 778716.17061000
-4.20000000 1257830.00000000
-4.30000000 1637690.00000000
-4.40000000 2046720.00000000
-4.50000000 4086100.00000000
-4.60000000 3579250.00000000
-4.70000000 4606950.00000000
-4.80000000 5621610.00000000
-4.90000000 8409730.00000000
-5.00000000 9033820.00000000
-5.10000000 13632600.00000000
-5.20000000 15115800.00000000
-5.30000000 24720300.00000000
-5.40000000 27959100.00000000
-5.50000000 33668600.00000000
-5.60000000 40598400.00000000
-5.70000000 46807200.00000000
-5.80000000 54201200.00000000
-5.90000000 63755600.00000000
-6.00000000 55799200.00000000
-6.10000000 73593200.00000000
-6.20000000 79488100.00000000
-6.30000000 85643100.00000000
-6.40000000 98680900.00000000
-6.50000000 120211000.00000000
-6.60000000 140404000.00000000
-6.70000000 162270000.00000000
-6.80000000 204368000.00000000
-6.90000000 224176000.00000000
-7.00000000 291823000.00000000
-7.10000000 216386000.00000000
-7.20000000 414247000.00000000
-7.30000000 491102000.00000000
-7.40000000 1075500000.00000000
-7.50000000 2472030000.00000000
-7.60000000 4220610000.00000000
-7.70000000 8288600000.00000000
-7.80000000 12912600000.00000000
-7.90000000 21628500000.00000000
-8.00000000 34204000000.00000000
-8.10000000 61505200000.00000000
-8.20000000 82558500000.00000000
-8.30000000 99526600000.00000000
-8.40000000 114947000000.00000000
-8.50000000 119885000000.00000000
-8.60000000 120492000000.00000000
-8.70000000 152068000000.00000000
-8.80000000 173132000000.00000000
-8.90000000 200400000000.00000000
-9.00000000 446784000000.00000000
-9.10000000 217442000000.00000000
-9.20000000 238274000000.00000000
-9.40000000 238067000000.00000000
-9.80000000 366670000000.00000000
-9.90000000 336686000000.00000000
-10.00000000 360332000000.00000000
-10.10000000 404511000000.00000000
-10.30000000 317810000000.00000000
-10.40000000 326943000000.00000000
-10.50000000 336333000000.00000000
-10.60000000 492263000000.00000000
-10.70000000 539924000000.00000000
-10.90000000 822867000000.00000000
-11.30000000 912963000000.00000000
-11.50000000 448491000000.00000000
-12.50000000 522872000000.00000000
-13.10000000 844719000000.00000000
-13.50000000 887948000000.00000000
-13.80000000 597253000000.00000000
-13.90000000 959318000000.00000000
-14.70000000 666466000000.00000000
-15.30000000 722151000000.00000000
-16.60000000 789041000000.00000000
