-6.20000000 701780.30659000
-6.30000000 1058290.00000000
-6.40000000 105828.99438000
-6.50000000 798474.71523000
-6.60000000 999042.28441000
-6.70000000 252372.73912000
-6.80000000 1239710.00000000
-6.90000000 485025.27890000
-7.00000000 2289830.00000000
-7.10000000 4146670.00000000
-7.20000000 7104700.00000000
-7.30000000 22876500.00000000
-7.40000000 78639200.00000000
-7.50000000 154917000.00000000
-7.60000000 426186000.00000000
-7.70000000 817557000.00000000
-7.80000000 1404040000.00000000
-7.90000000 2827990000.00000000
-8.00000000 5514230000.00000000
-8.10000000 9158760000.00000000
-8.20000000 12236400000.00000000
-8.30000000 35369600000.00000000
-8.40000000 24936000000.00000000
-8.50000000 37548500000.00000000
-8.60000000 55578500000.00000000
-8.70000000 87021200000.00000000
-8.80000000 105610000000.00000000
-8.90000000 124112000000.00000000
-9.00000000 164727000000.00000000
-9.10000000 228370000000.00000000
-9.20000000 275045000000.00000000
-9.30000000 308921000000.00000000
-9.40000000 376787000000.00000000
-9.50000000 388692000000.00000000
-9.60000000 445105000000.00000000
-9.70000000 500857000000.00000000
-9.80000000 616496000000.00000000
-9.90000000 646567000000.00000000
-10.00000000 720816000000.00000000
-10.10000000 754687000000.00000000
-10.20000000 803055000000.00000000
-10.30000000 913127000000.00000000
-10.40000000 1149470000000.00000000
-10.50000000 1013580000000.00000000
-10.60000000 1301580000000.00000000
-10.70000000 984970000000.00000000
-10.80000000 1059350000000.00000000
-10.90000000 1751420000000.00000000
-11.00000000 1306310000000.00000000
-11.10000000 1566680000000.00000000
-11.30000000 1679680000000.00000000
-11.40000000 1856720000000.00000000
-11.60000000 1917880000000.00000000
-11.80000000 1980190000000.00000000
-11.90000000 2523730000000.00000000
-12.00000000 2472030000000.00000000
-12.10000000 2694870000000.00000000
-12.30000000 2920560000000.00000000
-12.40000000 2241760000000.00000000
-12.70000000 2310490000000.00000000
-12.90000000 4056560000000.00000000
-13.00000000 3415860000000.00000000
-13.20000000 4850250000000.00000000
-13.40000000 2452360000000.00000000
-13.50000000 5254300000000.00000000
-13.60000000 2525620000000.00000000
-13.70000000 2600530000000.00000000
-13.80000000 2677160000000.00000000
-13.90000000 6496680000000.00000000
-14.00000000 2835920000000.00000000
-14.30000000 6921310000000.00000000
-14.50000000 2918230000000.00000000
-14.60000000 7351430000000.00000000
-14.80000000 3002620000000.00000000
-14.90000000 7787160000000.00000000
-15.00000000 3178100000000.00000000
-15.30000000 3269430000000.00000000
-15.40000000 3363330000000.00000000
-15.50000000 3459960000000.00000000
-15.70000000 3662040000000.00000000
-15.90000000 8228670000000.00000000
-16.20000000 3767870000000.00000000
-16.70000000 9129630000000.00000000
-17.00000000 9589400000000.00000000
-17.10000000 10055600000000.00000000
-17.40000000 7442610000000.00000000
-17.50000000 11494700000000.00000000
-17.60000000 3990170000000.00000000
-18.10000000 8047830000000.00000000
-18.20000000 4228370000000.00000000
-18.30000000 12489800000000.00000000
