-7.680033817563999  0.00008039208087898844
-7.919683285506409  0.00009164004801287456
-7.953338265061419  0.00010912259669042487
-8.055603879264794  0.00012994036304725802
-8.158357246795056  0.0001357379924705317
-8.295415931649504  0.0001417942983061324
-8.500760082267732  0.0001616332872921324
-8.60383861868258  0.00015472962027061847
-8.706429401770546  0.00016884497948853184
-8.843650671067287  0.00016884497948853184
-8.980546771479442  0.00018424802599930083
-9.11744287189159  0.000201056230321285
-9.220521408306439  0.00019246873395842084
-9.391722826042777  0.00021002688031261397
-9.666002780193963  0.00021939777933446618
-9.871672099696777  0.0002291867855450137
-9.974588051669336  0.0002291867855450137
-10.111809320966074  0.0002291867855450137
-10.180257371172154  0.0002394125538908964
-10.385926690674971  0.00025009457165803273
-10.557290692853602  0.00026125319560860844
-10.659881475941567  0.00028508627098482685
-10.762797427914123  0.00028508627098482685
-11.105525432271389  0.00031109354170654244
-11.208441384243944  0.00031109354170654244
-11.620105192134169  0.00031109354170654244
-11.688553242340241  0.00032497379437393197
-11.82561192719469  0.0003394733508463869
-11.928527879167245  0.0003394733508463869
-12.099891881345872  0.0003546198429842342
-12.237113150642614  0.0003546198429842342
-12.374171835497062  0.00037044213551557306
-12.477087787469618  0.00037044213551557306
-12.785835643387284  0.00037044213551557306
-12.923056912684029  0.00037044213551557306
-13.163194133953326  0.00037044213551557306
-13.265947501483584  0.0003869703810439015
-13.403006186338033  0.0004042360775100535
-13.540064871192477  0.0004222721282179344
-13.642818238722736  0.00044111290453848623
-13.81418224090137  0.0004607943114113294
-13.985546243079998  0.00048135385576894823
-14.191052978140522  0.0005252658266845577
-14.293643761228488  0.0005731837096056126
-14.43053986164064  0.0006254729477281448
-14.601741279376977  0.0006825323221570941
-14.63555884337428  0.0007780280605867791
-14.70351914025347  0.000926455672058536
-14.737336704250772  0.0010560796702978996
-14.770666514921189  0.0013722737576533734
-14.770016177152012  0.0016340680636071296
-14.838139058473494  0.0018626968498386073
-14.871794038028504  0.0022180511851424044
-14.97405965223188  0.0026411979277990803
-14.93894141269622  0.0032853956495724986
-15.00722687846  0.0035851090443677473
-15.040719273572712  0.0044595300994438765
-15.040231520245829  0.005083480212970925
-15.074049084243129  0.005794729601419096
-15.141846796680024  0.007208085097513193
-15.141196458910848  0.0085832011228943
-15.20915675579004  0.01022065368532771
-15.311747538878006  0.011153042700165134
-15.379707835757195  0.013280754504517756
-15.447668132636387  0.015814378636482475
-15.51595359840017  0.01725706061858541
-15.584076479721656  0.019671562750424844
-15.720972580133807  0.021466120082849868
-15.823400778779483  0.02446952801238699
-15.891523660100965  0.02789315436781537
-15.960134294749334  0.02789315436781537
-16.028582344955414  0.029137680461773865
-16.13084795915879  0.03469639554398657
-16.267581475128644  0.03955090251129004
-16.370334842658906  0.0413155695534552
-16.575353824392543  0.05139258631163716
-16.677782023038212  0.05858312193950388
-16.745742319917404  0.0697592649381014
-16.84817051856308  0.07951955364724586
-16.950436132766455  0.09468982578917796
-17.018396429645648  0.11275419311028054
-17.154804776730913  0.1402553483843837
-17.15399185451944  0.17446413483873585
-17.290075032720118  0.23681411421118106
-17.323730012275128  0.281992116285626
-17.32259192117906  0.3827704375712745
-17.458187346052856  0.5922592445622141
-17.388601204750717  0.7695838125650857
-17.421931015421137  1.000000000000002
-17.455260826091553  1.2994036304725802
-17.454447903880077  1.6163328729213173
-17.453634981668603  2.0105623032128417
-17.486964792339023  2.6125319560860687
-17.554762504775915  3.2497379437393064
-17.485338947916077  4.042360775100518
-17.518506174144196  5.487019364537646
-17.689057254111354  7.1298528827535534
-17.722712233666357  8.490044226924368
-17.72206189589718  10.109724865359931
-17.755229122125304  13.72273757653368
-17.82335200344679  15.642738894575652
-17.925617617650165  18.626968498386034
-17.9244795265541  25.283873097827417
-18.026094802988304  35.85109044367733
-18.127872663864796  48.66355044704199
-18.195832960743985  57.94729601419084
-18.332078723386957  75.29692681690862
-18.53726028956289  89.66163107984826
-18.707323616203162  132.80754504517702
-18.843569378846137  172.57060618585322
-19.08240592457708  244.69528012386942
-19.321567639192608  317.95793535245997
-19.492118719159762  413.15569553455117
-19.731280433775293  536.8560107280188
-19.970442148390816  697.5926493810119
-20.243909180330533  906.45442119667
-20.41478542918228  1079.3824574229811
-20.82563631486103  1342.6477404506338
-20.996024810385894  1822.483088838638
-21.235674278328304  2077.4737503712945
-21.57807711380098  2473.8019579044912
-21.74911594709502  2819.9211628562484
-21.954622682155545  3077.1711975315475
-22.12582409989188  3357.889115356251
-22.502857421573328  3664.2157966618583
-22.845097672603707  4557.931274571052
-23.187500508076383  5427.4665607749785
-23.35886451025501  5669.627188070888
-23.701267345727686  6751.245273703988
-23.97538471543658  7367.134151605336
-24.24982725403006  7367.134151605336
-24.52410720818125  7695.838125650841
-25.038524383601732  8039.208087898812
-24.901140529862694  8397.898399801885
-25.449537853722774  9572.880862774477
-25.655369757667888  9572.880862774477
-25.964117613585554  9572.880862774477
-26.135644200206478  9572.880862774477
-26.547145423654406  9999.99999999998
-26.71850942583304  10446.176175540204
-20.585499093591736  1342.6477404506338
-26.92434132977815  10446.176175540204
-27.232276263484344  12994.036304725723
-27.678895726467932  10912.259669042398
-7.733333333333331  0.00005439375234729552
-7.626666666666665  0.00002180562943708607
-7.573333333333334  0.000014525706170554384
-7.599999999999998  0.000007379042301291046
