-2.70000000 458454.35519000
-2.80000000 445104.64208000
-2.90000000 1911800.00000000
-3.00000000 6070670.00000000
-3.10000000 10728400.00000000
-3.20000000 53363000.00000000
-3.30000000 43387700.00000000
-3.40000000 96972700.00000000
-3.50000000 128084000.00000000
-3.60000000 119885000.00000000
-3.70000000 156668000.00000000
-3.80000000 226598000.00000000
-3.90000000 322992000.00000000
-4.00000000 382844000.00000000
-4.10000000 440971000.00000000
-4.20000000 492537000.00000000
-4.30000000 561341000.00000000
-4.40000000 655449000.00000000
-4.50000000 735932000.00000000
-4.60000000 810766000.00000000
-4.70000000 870632000.00000000
-4.80000000 906691000.00000000
-4.90000000 1152360000.00000000
-5.10000000 1308750000.00000000
-5.30000000 1248980000.00000000
-5.40000000 1351550000.00000000
-5.50000000 1511580000.00000000
-5.70000000 1566680000.00000000
-5.90000000 1796660000.00000000
-6.00000000 1850420000.00000000
-6.20000000 1980190000.00000000
-6.30000000 2162850000.00000000
-6.40000000 2380670000.00000000
-6.60000000 2523730000.00000000
-6.70000000 2868150000.00000000
-6.80000000 3185270000.00000000
-6.90000000 3459960000.00000000
-7.00000000 3947530000.00000000
-7.10000000 4606950000.00000000
-7.20000000 6371020000.00000000
-7.30000000 11522200000.00000000
-7.40000000 17210800000.00000000
-7.50000000 24171100000.00000000
-7.60000000 45228600000.00000000
-7.70000000 50922700000.00000000
-7.80000000 75776400000.00000000
-7.90000000 101469000000.00000000
-8.00000000 277369000000.00000000
-8.10000000 110441000000.00000000
-8.20000000 196389000000.00000000
-8.30000000 144645000000.00000000
-8.40000000 517565000000.00000000
-8.50000000 231049000000.00000000
-8.60000000 245236000000.00000000
-8.70000000 297925000000.00000000
-8.80000000 283592000000.00000000
-8.90000000 333466000000.00000000
-9.10000000 326943000000.00000000
-9.20000000 345996000000.00000000
-9.30000000 376787000000.00000000
-9.40000000 399017000000.00000000
-9.50000000 420537000000.00000000
-9.60000000 446798000000.00000000
-9.70000000 491102000000.00000000
-9.80000000 522872000000.00000000
-9.90000000 563394000000.00000000
-10.00000000 525430000000.00000000
-10.10000000 637102000000.00000000
-10.20000000 693147000000.00000000
-10.30000000 828302000000.00000000
-10.50000000 649668000000.00000000
-10.70000000 924196000000.00000000
-10.80000000 735143000000.00000000
-11.10000000 1098680000000.00000000
-11.20000000 867610000000.00000000
-11.40000000 984970000000.00000000
-11.60000000 912963000000.00000000
-11.80000000 958940000000.00000000
-12.10000000 1052840000000.00000000
-12.30000000 1149470000000.00000000
-13.80000000 1059350000000.00000000
-13.90000000 1198850000000.00000000
-14.20000000 1155250000000.00000000
-15.80000000 1248980000000.00000000
-17.20000000 1782960000000.00000000
-17.90000000 2151280000000.00000000
